4
7
8
6
13
9
803
5
16198
11
19
16
12
17
19853
14
18
10
15
697
43
12210
14321
12106
2410
21
2498
1481
18328
16606
12965
12827
3616
8028
5200
7864
11592
14916
3004
15240
15083
1262
3162
119
5643
5390
1643
1684
12926
168
12587
261
15354
13993
18303
7818
3183
15573
2427
7194
19173
10329
13967
13352
4905
10828
19555
9776
12347
14813
17577
5226
16964
13676
18822
12485
9375
8774
12952
18877
11932
7840
7855
652
19543
11013
7776
14522
16322
3529
3042
16081
1467
8551
35
2892
71
17553
1021
54
5066
8176
987
33
53
67
51
81
27
19021
108
150
12276
87
100
135
